   0.0000000e+00   1.0000000e+02   1.0000000e+02   1.0000000e+02   1.0000000e+02   1.0000000e+02   1.0000000e+02   1.0000000e+02   1.0000000e+02   1.0000000e+02   1.0000000e+02   1.0000000e+02   1.0000000e+02   2.0000000e+01   4.0000000e+01   6.0000000e+01   2.5000000e+01   5.0000000e+01
   1.0000000e+02   0.0000000e+00   5.1763809e+01   1.0000000e+02   1.4142136e+02   1.7320508e+02   1.9318517e+02   2.0000000e+02   1.9318517e+02   1.7320508e+02   1.4142136e+02   1.0000000e+02   5.1763809e+01   8.0000000e+01   6.0000000e+01   4.0000000e+01   1.0307764e+02   1.1180340e+02
   1.0000000e+02   5.1763809e+01   0.0000000e+00   5.1763809e+01   1.0000000e+02   1.4142136e+02   1.7320508e+02   1.9318517e+02   2.0000000e+02   1.9318517e+02   1.7320508e+02   1.4142136e+02   1.0000000e+02   8.3282041e+01   6.8350543e+01   5.6636518e+01   1.1456439e+02   1.3228757e+02
   1.0000000e+02   1.0000000e+02   5.1763809e+01   0.0000000e+00   5.1763809e+01   1.0000000e+02   1.4142136e+02   1.7320508e+02   1.9318517e+02   2.0000000e+02   1.9318517e+02   1.7320508e+02   1.4142136e+02   9.1651514e+01   8.7177979e+01   8.7177979e+01   1.2229116e+02   1.4546565e+02
   1.0000000e+02   1.4142136e+02   1.0000000e+02   5.1763809e+01   0.0000000e+00   5.1763809e+01   1.0000000e+02   1.4142136e+02   1.7320508e+02   1.9318517e+02   2.0000000e+02   1.9318517e+02   1.7320508e+02   1.0198039e+02   1.0770330e+02   1.1661904e+02   1.2500000e+02   1.5000000e+02
   1.0000000e+02   1.7320508e+02   1.4142136e+02   1.0000000e+02   5.1763809e+01   0.0000000e+00   5.1763809e+01   1.0000000e+02   1.4142136e+02   1.7320508e+02   1.9318517e+02   2.0000000e+02   1.9318517e+02   1.1135529e+02   1.2489996e+02   1.4000000e+02   1.2229116e+02   1.4546565e+02
   1.0000000e+02   1.9318517e+02   1.7320508e+02   1.4142136e+02   1.0000000e+02   5.1763809e+01   0.0000000e+00   5.1763809e+01   1.0000000e+02   1.4142136e+02   1.7320508e+02   1.9318517e+02   2.0000000e+02   1.1774592e+02   1.3611834e+02   1.5489450e+02   1.1456439e+02   1.3228757e+02
   1.0000000e+02   2.0000000e+02   1.9318517e+02   1.7320508e+02   1.4142136e+02   1.0000000e+02   5.1763809e+01   0.0000000e+00   5.1763809e+01   1.0000000e+02   1.4142136e+02   1.7320508e+02   1.9318517e+02   1.2000000e+02   1.4000000e+02   1.6000000e+02   1.0307764e+02   1.1180340e+02
   1.0000000e+02   1.9318517e+02   2.0000000e+02   1.9318517e+02   1.7320508e+02   1.4142136e+02   1.0000000e+02   5.1763809e+01   0.0000000e+00   5.1763809e+01   1.0000000e+02   1.4142136e+02   1.7320508e+02   1.1774592e+02   1.3611834e+02   1.5489450e+02   9.0138782e+01   8.6602540e+01
   1.0000000e+02   1.7320508e+02   1.9318517e+02   2.0000000e+02   1.9318517e+02   1.7320508e+02   1.4142136e+02   1.0000000e+02   5.1763809e+01   0.0000000e+00   5.1763809e+01   1.0000000e+02   1.4142136e+02   1.1135529e+02   1.2489996e+02   1.4000000e+02   7.9340236e+01   6.1965684e+01
   1.0000000e+02   1.4142136e+02   1.7320508e+02   1.9318517e+02   2.0000000e+02   1.9318517e+02   1.7320508e+02   1.4142136e+02   1.0000000e+02   5.1763809e+01   0.0000000e+00   5.1763809e+01   1.0000000e+02   1.0198039e+02   1.0770330e+02   1.1661904e+02   7.5000000e+01   5.0000000e+01
   1.0000000e+02   1.0000000e+02   1.4142136e+02   1.7320508e+02   1.9318517e+02   2.0000000e+02   1.9318517e+02   1.7320508e+02   1.4142136e+02   1.0000000e+02   5.1763809e+01   0.0000000e+00   5.1763809e+01   9.1651514e+01   8.7177979e+01   8.7177979e+01   7.9340236e+01   6.1965684e+01
   1.0000000e+02   5.1763809e+01   1.0000000e+02   1.4142136e+02   1.7320508e+02   1.9318517e+02   2.0000000e+02   1.9318517e+02   1.7320508e+02   1.4142136e+02   1.0000000e+02   5.1763809e+01   0.0000000e+00   8.3282041e+01   6.8350543e+01   5.6636518e+01   9.0138782e+01   8.6602540e+01
   2.0000000e+01   8.0000000e+01   8.3282041e+01   9.1651514e+01   1.0198039e+02   1.1135529e+02   1.1774592e+02   1.2000000e+02   1.1774592e+02   1.1135529e+02   1.0198039e+02   9.1651514e+01   8.3282041e+01   0.0000000e+00   2.0000000e+01   4.0000000e+01   3.2015621e+01   5.3851648e+01
   4.0000000e+01   6.0000000e+01   6.8350543e+01   8.7177979e+01   1.0770330e+02   1.2489996e+02   1.3611834e+02   1.4000000e+02   1.3611834e+02   1.2489996e+02   1.0770330e+02   8.7177979e+01   6.8350543e+01   2.0000000e+01   0.0000000e+00   2.0000000e+01   4.7169906e+01   6.4031242e+01
   6.0000000e+01   4.0000000e+01   5.6636518e+01   8.7177979e+01   1.1661904e+02   1.4000000e+02   1.5489450e+02   1.6000000e+02   1.5489450e+02   1.4000000e+02   1.1661904e+02   8.7177979e+01   5.6636518e+01   4.0000000e+01   2.0000000e+01   0.0000000e+00   6.5000000e+01   7.8102497e+01
   2.5000000e+01   1.0307764e+02   1.1456439e+02   1.2229116e+02   1.2500000e+02   1.2229116e+02   1.1456439e+02   1.0307764e+02   9.0138782e+01   7.9340236e+01   7.5000000e+01   7.9340236e+01   9.0138782e+01   3.2015621e+01   4.7169906e+01   6.5000000e+01   0.0000000e+00   2.5000000e+01
   5.0000000e+01   1.1180340e+02   1.3228757e+02   1.4546565e+02   1.5000000e+02   1.4546565e+02   1.3228757e+02   1.1180340e+02   8.6602540e+01   6.1965684e+01   5.0000000e+01   6.1965684e+01   8.6602540e+01   5.3851648e+01   6.4031242e+01   7.8102497e+01   2.5000000e+01   0.0000000e+00
